   1000  0.42413 
   2000  0.41283 
   3000  0.41819 
   4000  0.41462 
   5000  0.41830 
   6000  0.41784 
   7000  0.41706 
   8000  0.41894 
   9000  0.41631 
  10000  0.41643 
  11000  0.41548 
  12000  0.41416 
  13000  0.41761 
  14000  0.41984 
  15000  0.41498 
  16000  0.41447 
  17000  0.41733 
  18000  0.41836 
  19000  0.41538 
  20000  0.41660 
  21000  0.41637 
  22000  0.41484 
  23000  0.41638 
  24000  0.41844 
  25000  0.41690 
  26000  0.41735 
  27000  0.41487 
  28000  0.41834 
  29000  0.41690 
  30000  0.41472 
  31000  0.41760 
  32000  0.41581 
  33000  0.41595 
  34000  0.41516 
  35000  0.41507 
  36000  0.41479 
  37000  0.41472 
  38000  0.41672 
  39000  0.41668 
  40000  0.41536 
  41000  0.41631 
  42000  0.41451 
  43000  0.41638 
  44000  0.41631 
  45000  0.41605 
  46000  0.41550 
  47000  0.41660 
  48000  0.41662 
  49000  0.41535 
  50000  0.41618 
