   1000  0.42145 
   2000  0.41325 
   3000  0.42205 
   4000  0.41563 
   5000  0.41594 
   6000  0.41931 
   7000  0.41851 
   8000  0.41882 
   9000  0.41517 
  10000  0.41439 
  11000  0.41897 
  12000  0.41653 
  13000  0.41777 
  14000  0.41419 
  15000  0.41420 
  16000  0.41546 
  17000  0.41553 
  18000  0.41740 
  19000  0.41699 
  20000  0.41480 
  21000  0.41692 
  22000  0.41556 
  23000  0.41624 
  24000  0.41666 
  25000  0.41462 
  26000  0.41747 
  27000  0.41684 
  28000  0.41625 
  29000  0.41811 
  30000  0.41561 
  31000  0.41764 
  32000  0.41560 
  33000  0.41654 
  34000  0.41787 
  35000  0.41508 
  36000  0.41468 
  37000  0.41555 
  38000  0.41681 
  39000  0.41691 
  40000  0.41487 
  41000  0.41618 
  42000  0.41642 
  43000  0.41634 
  44000  0.41686 
  45000  0.41662 
  46000  0.41641 
  47000  0.41612 
  48000  0.41608 
  49000  0.41694 
  50000  0.41483 
